 Назад [64,109][127,172] 
 YMPlayer2 [158,79][652,158] 
Музыка рядом  [158,158][371,200] 
 Профили [828,109][891,172] 
 Настройки [954,109][1017,172] 
Настройки  [42,258][363,342] 
Качество звука  [407,411][674,464] 
Оформление  [42,532][306,595] 
Скины  [481,664][599,717] 
Тёмная  [169,828][323,891] 
Светлая  [169,1008][339,1071] 
Как в системе  [169,1188][465,1251] 
Настройки офлайн-кэша  [327,1362][753,1415] 
02 - City lights  [53,1468][289,1521] 
Неизвестный исполнитель · 0:03  [53,1521][525,1563] 
 Воспроизвести [839,1485][902,1548] 
 Очередь [965,1485][1028,1548] 
Плеер  [78,1710][176,1752] 
Медиатека  [316,1710][490,1752] 
Поиск  [629,1710][727,1752] 
Клипы  [900,1710][1006,1752] 
