 Назад [48,34][96,82] 
 YMPlayer2 [120,12][496,72] 
Музыка рядом  [120,72][192,104] 
 Профили [1728,34][1776,68] 
 Настройки [1824,34][1872,68] 
Плеер  [41,220][118,252] 
Медиатека  [12,388][148,420] 
Поиск  [41,556][118,588] 
Клипы  [39,724][121,756] 
Как в системе  [288,193][515,241] 
Настройки офлайн-кэша  [876,325][1205,365] 
Диагностика  [954,445][1127,485] 
Боковая панель  [934,565][1147,605] 
Обновление приложения  [873,685][1208,725] 
О приложении  [944,805][1137,845] 
YMPlayer 2 · 2.1.5-build69  [192,931][600,976] 
Очередь пуста  [200,992][394,1032] 
 · 0:00  [200,1032][269,1064] 
 Воспроизвести [1736,1004][1784,1052] 
 Очередь [1832,1004][1880,1052] 
