 YMPlayer2 [32,79][526,158]
 Profiles [828,95][891,158]
 Settings [954,95][1017,158]
My Vibe  [388,237][520,290]
 Equalizer / DSP [818,232][881,295]
 Queue [944,232][1007,295]
02 - City lights  [42,836][456,920]
Неизвестный исполнитель  [42,920][514,973]
Device · On device  [42,973][295,1015]
 More actions [74,1058][137,1121]
 Repeat off [812,1052][886,1126]
 Shuffle [938,1052][1012,1126]
0:03  [42,1268][109,1310]
0:45  [971,1268][1038,1310]
 Previous track [127,1400][222,1495]
 Play [369,1384][495,1510]
 Next track [643,1400][738,1495]
 Stop [859,1400][954,1495]
Player  [79,1710][175,1752]
Library  [350,1710][455,1752]
Search  [625,1710][730,1752]
Clips  [915,1710][991,1752]
